#Start Duration Latency Bytes Interval End Mode Thread_ID Type Function Request_ID 
#Time: 499.106 
0.009	3.625	3.634	500000	800	3.634	local	-1	exec	encrypt_sign	0 
4.435	3.606	8.041	500000	800	8.041	local	-1	exec	encrypt_sign	1 
8.842	3.603	12.445	500000	800	12.445	local	-1	exec	encrypt_sign	2 
13.246	3.605	16.851	500000	800	16.851	local	-1	exec	encrypt_sign	3 
17.652	3.609	21.261	500000	800	21.261	local	-1	exec	encrypt_sign	4 
22.063	3.612	25.675	500000	800	25.675	local	-1	exec	encrypt_sign	5 
26.476	3.619	30.095	500000	800	30.095	local	-1	exec	encrypt_sign	6 
30.896	3.615	34.511	500000	800	34.511	local	-1	exec	encrypt_sign	7 
35.312	3.614	38.926	500000	800	38.926	local	-1	exec	encrypt_sign	8 
39.727	3.625	43.352	500000	800	43.352	local	-1	exec	encrypt_sign	9 
44.153	3.609	47.762	500000	700	47.762	local	-1	exec	encrypt_sign	10 
48.463	3.623	52.086	500000	700	52.086	local	-1	exec	encrypt_sign	11 
52.787	3.601	56.388	500000	700	56.388	local	-1	exec	encrypt_sign	12 
57.089	3.588	60.677	500000	700	60.677	local	-1	exec	encrypt_sign	13 
61.378	3.602	64.98	500000	700	64.98	local	-1	exec	encrypt_sign	14 
65.681	3.594	69.275	500000	700	69.275	local	-1	exec	encrypt_sign	15 
69.976	3.603	73.579	500000	700	73.579	local	-1	exec	encrypt_sign	16 
74.28	3.605	77.885	500000	700	77.885	local	-1	exec	encrypt_sign	17 
78.586	3.597	82.183	500000	700	82.183	local	-1	exec	encrypt_sign	18 
82.884	3.604	86.488	500000	700	86.488	local	-1	exec	encrypt_sign	19 
87.189	3.6	90.789	500000	700	90.789	local	-1	exec	encrypt_sign	20 
91.49	3.604	95.094	500000	700	95.094	local	-1	exec	encrypt_sign	21 
95.795	3.591	99.386	500000	700	99.386	local	-1	exec	encrypt_sign	22 
100.087	3.598	103.685	500000	700	103.685	local	-1	exec	encrypt_sign	23 
104.386	3.604	107.991	500000	700	107.991	local	-1	exec	encrypt_sign	24 
108.692	3.606	112.298	500000	400	112.298	local	-1	exec	encrypt_sign	25 
112.699	3.599	116.298	500000	400	116.298	local	-1	exec	encrypt_sign	26 
116.699	3.599	120.298	500000	400	120.298	local	-1	exec	encrypt_sign	27 
120.698	3.598	124.296	500000	400	124.296	local	-1	exec	encrypt_sign	28 
124.697	3.587	128.284	500000	400	128.284	local	-1	exec	encrypt_sign	29 
128.685	3.595	132.28	500000	400	132.28	local	-1	exec	encrypt_sign	30 
132.681	3.607	136.288	500000	400	136.288	local	-1	exec	encrypt_sign	31 
136.688	3.6	140.288	500000	400	140.288	local	-1	exec	encrypt_sign	32 
140.689	3.604	144.293	500000	400	144.293	local	-1	exec	encrypt_sign	33 
144.694	3.591	148.285	500000	400	148.285	local	-1	exec	encrypt_sign	34 
148.686	3.599	152.285	500000	400	152.285	local	-1	exec	encrypt_sign	35 
152.686	3.594	156.28	500000	400	156.28	local	-1	exec	encrypt_sign	36 
156.681	3.598	160.279	500000	400	160.279	local	-1	exec	encrypt_sign	37 
160.68	3.591	164.271	500000	400	164.271	local	-1	exec	encrypt_sign	38 
164.672	3.601	168.273	500000	400	168.273	local	-1	exec	encrypt_sign	39 
168.674	3.592	172.266	500000	400	172.266	local	-1	exec	encrypt_sign	40 
172.667	3.586	176.253	500000	400	176.253	local	-1	exec	encrypt_sign	41 
176.654	3.594	180.248	500000	400	180.248	local	-1	exec	encrypt_sign	42 
180.649	3.595	184.244	500000	400	184.244	local	-1	exec	encrypt_sign	43 
184.645	3.589	188.234	500000	400	188.234	local	-1	exec	encrypt_sign	44 
188.635	3.597	192.232	500000	400	192.232	local	-1	exec	encrypt_sign	45 
192.633	3.592	196.225	500000	400	196.225	local	-1	exec	encrypt_sign	46 
196.626	3.603	200.229	500000	400	200.229	local	-1	exec	encrypt_sign	47 
200.63	3.597	204.227	500000	400	204.227	local	-1	exec	encrypt_sign	48 
204.628	3.598	208.226	500000	400	208.226	local	-1	exec	encrypt_sign	49 
208.626	3.589	212.215	500000	400	212.215	local	-1	exec	encrypt_sign	50 
212.616	3.599	216.215	500000	400	216.215	local	-1	exec	encrypt_sign	51 
216.615	3.605	220.22	500000	400	220.22	local	-1	exec	encrypt_sign	52 
220.621	3.602	224.223	500000	400	224.223	local	-1	exec	encrypt_sign	53 
224.624	3.594	228.218	500000	400	228.218	local	-1	exec	encrypt_sign	54 
228.618	3.603	232.221	500000	200	232.221	local	-1	exec	encrypt_sign	55 
232.422	3.599	236.021	500000	200	236.021	local	-1	exec	encrypt_sign	56 
236.222	3.599	239.821	500000	200	239.821	local	-1	exec	encrypt_sign	57 
240.022	3.607	243.629	500000	200	243.629	local	-1	exec	encrypt_sign	58 
243.83	3.596	247.426	500000	200	247.426	local	-1	exec	encrypt_sign	59 
247.627	3.594	251.221	500000	200	251.221	local	-1	exec	encrypt_sign	60 
251.422	3.602	255.024	500000	200	255.024	local	-1	exec	encrypt_sign	61 
255.225	3.608	258.833	500000	200	258.833	local	-1	exec	encrypt_sign	62 
259.034	3.606	262.64	500000	200	262.64	local	-1	exec	encrypt_sign	63 
262.84	3.596	266.436	500000	200	266.436	local	-1	exec	encrypt_sign	64 
266.637	3.616	270.253	500000	200	270.253	local	-1	exec	encrypt_sign	65 
270.454	3.593	274.047	500000	200	274.047	local	-1	exec	encrypt_sign	66 
274.247	3.597	277.844	500000	200	277.844	local	-1	exec	encrypt_sign	67 
278.044	3.586	281.63	500000	200	281.63	local	-1	exec	encrypt_sign	68 
281.831	3.595	285.426	500000	200	285.426	local	-1	exec	encrypt_sign	69 
285.627	3.614	289.241	500000	200	289.241	local	-1	exec	encrypt_sign	70 
289.441	3.602	293.043	500000	200	293.043	local	-1	exec	encrypt_sign	71 
293.243	3.6	296.843	500000	200	296.843	local	-1	exec	encrypt_sign	72 
297.044	3.593	300.637	500000	200	300.637	local	-1	exec	encrypt_sign	73 
300.837	3.604	304.441	500000	200	304.441	local	-1	exec	encrypt_sign	74 
304.641	3.595	308.236	500000	200	308.236	local	-1	exec	encrypt_sign	75 
308.437	3.609	312.046	500000	200	312.046	local	-1	exec	encrypt_sign	76 
312.247	3.619	315.866	500000	200	315.866	local	-1	exec	encrypt_sign	77 
316.066	3.596	319.662	500000	200	319.662	local	-1	exec	encrypt_sign	78 
319.863	3.595	323.458	500000	200	323.458	local	-1	exec	encrypt_sign	79 
323.658	3.594	327.252	500000	500	327.252	local	-1	exec	encrypt_sign	80 
327.752	3.594	331.346	500000	500	331.346	local	-1	exec	encrypt_sign	81 
331.847	3.605	335.452	500000	500	335.452	local	-1	exec	encrypt_sign	82 
335.953	3.594	339.547	500000	500	339.547	local	-1	exec	encrypt_sign	83 
340.047	3.593	343.64	500000	500	343.64	local	-1	exec	encrypt_sign	84 
344.141	3.592	347.733	500000	500	347.733	local	-1	exec	encrypt_sign	85 
348.234	3.61	351.844	500000	500	351.844	local	-1	exec	encrypt_sign	86 
352.345	3.604	355.949	500000	500	355.949	local	-1	exec	encrypt_sign	87 
356.45	3.607	360.057	500000	500	360.057	local	-1	exec	encrypt_sign	88 
360.558	3.629	364.187	500000	500	364.187	local	-1	exec	encrypt_sign	89 
364.687	3.588	368.275	500000	500	368.275	local	-1	exec	encrypt_sign	90 
368.776	3.585	372.361	500000	500	372.361	local	-1	exec	encrypt_sign	91 
372.862	3.595	376.457	500000	500	376.457	local	-1	exec	encrypt_sign	92 
376.957	3.609	380.566	500000	500	380.566	local	-1	exec	encrypt_sign	93 
381.066	3.594	384.66	500000	500	384.66	local	-1	exec	encrypt_sign	94 
385.161	3.589	388.75	500000	500	388.75	local	-1	exec	encrypt_sign	95 
389.251	3.602	392.853	500000	500	392.853	local	-1	exec	encrypt_sign	96 
393.354	3.609	396.963	500000	500	396.963	local	-1	exec	encrypt_sign	97 
397.464	3.59	401.054	500000	500	401.054	local	-1	exec	encrypt_sign	98 
401.555	3.591	405.146	500000	500	405.146	local	-1	exec	encrypt_sign	99 
405.647	3.592	409.239	500000	900	409.239	local	-1	exec	encrypt_sign	100 
410.14	3.587	413.727	500000	900	413.727	local	-1	exec	encrypt_sign	101 
414.628	3.594	418.222	500000	900	418.222	local	-1	exec	encrypt_sign	102 
419.123	3.578	422.701	500000	900	422.701	local	-1	exec	encrypt_sign	103 
423.602	3.596	427.198	500000	900	427.198	local	-1	exec	encrypt_sign	104 
428.099	3.591	431.69	500000	900	431.69	local	-1	exec	encrypt_sign	105 
432.592	3.593	436.185	500000	900	436.185	local	-1	exec	encrypt_sign	106 
437.086	3.591	440.677	500000	900	440.677	local	-1	exec	encrypt_sign	107 
441.578	3.594	445.172	500000	900	445.172	local	-1	exec	encrypt_sign	108 
446.073	3.589	449.662	500000	900	449.662	local	-1	exec	encrypt_sign	109 
450.563	3.604	454.167	500000	900	454.167	local	-1	exec	encrypt_sign	110 
455.069	3.595	458.664	500000	900	458.664	local	-1	exec	encrypt_sign	111 
459.565	3.601	463.166	500000	900	463.166	local	-1	exec	encrypt_sign	112 
464.067	3.599	467.666	500000	900	467.666	local	-1	exec	encrypt_sign	113 
468.567	3.595	472.162	500000	900	472.162	local	-1	exec	encrypt_sign	114 
473.063	3.591	476.654	500000	900	476.654	local	-1	exec	encrypt_sign	115 
477.556	3.586	481.142	500000	900	481.142	local	-1	exec	encrypt_sign	116 
482.044	3.592	485.636	500000	900	485.636	local	-1	exec	encrypt_sign	117 
486.537	3.596	490.133	500000	900	490.133	local	-1	exec	encrypt_sign	118 
491.034	3.581	494.615	500000	900	494.615	local	-1	exec	encrypt_sign	119 
495.516	3.59	499.106	500000	900	499.106	local	-1	exec	encrypt_sign	120 
